ip=3 [0, 3, 21, 10551320, 0, 1] mulr 5 2 4 [0, 3, 21, 10551320, 21, 1]
ip=4 [0, 4, 21, 10551320, 21, 1] eqrr 4 3 4 [0, 4, 21, 10551320, 0, 1]
ip=5 [0, 5, 21, 10551320, 0, 1] addr 4 1 1 [0, 5, 21, 10551320, 0, 1]
ip=6 [0, 6, 21, 10551320, 0, 1] addi 1 1 1 [0, 7, 21, 10551320, 0, 1]
ip=8 [0, 8, 21, 10551320, 0, 1] addi 2 1 2 [0, 8, 22, 10551320, 0, 1]
ip=9 [0, 9, 22, 10551320, 0, 1] gtrr 2 3 4 [0, 9, 22, 10551320, 0, 1]
ip=10 [0, 10, 22, 10551320, 0, 1] addr 1 4 1 [0, 10, 22, 10551320, 0, 1]
ip=11 [0, 11, 22, 10551320, 0, 1] seti 2 6 1 [0, 2, 22, 10551320, 0, 1]


sum all factors of 10551320

sum = 0

for i = 1, 10551320 do if 10551320 % i == 0 then sum = sum + i end end
